
	CG-5 SURVEY
	Survey name   	stutt
	Instrument SN	191 
	Client        	Default
	Operator      	Default
	Date          	20191022
	Time          	125805
	LONG        	9.2000000 E
	LAT         	48.8000000 N
	ZONE        	0       
	GMT DIFF.   	0.0 

	CG-5 SETUP PARAMETERS
	Gref			0.000   
	Gcal1		6651.362
	TiltxS		652.459 
	TiltyS		663.544 
	TiltxO		-14.060 
	TiltyO		9.273   
	Tempco		-0.127  
	Drift		0.238   
	DriftTime Start	125806
	DriftDate Start	20191022

	CG-5 OPTIONS
	Tide Correction    YES
	Cont. Tilt          NO
	Auto Rejection      NO
	Terrain Corr.       NO
	Seismic Filter      NO
	Raw Data            NO
Line	   2.000N
------LINE-----STATION-----ALT.------GRAV.---SD.--TILTX--TILTY-TEMP---TIDE---DUR-REJ-----TIME----DEC.TIME+DATE--TERRAIN---DATE
 1.0000000   1.0000000   25.1951   3685.357 0.152   -3.2   -1.2 -0.32 -0.086  57   0 132300     43729.55675    0.0000  20191022
 1.0000000   1.0000000   25.4393   3685.357 0.104   -4.9    2.3 -0.34 -0.086  57   0 132403     43729.55747    0.0000  20191022
 1.0000000   1.0000000   25.4393   3685.360 0.163   -3.0   -1.1 -0.36 -0.086  57   0 132503     43729.55817    0.0000  20191022
Line	   1.000N
------LINE-----STATION-----ALT.------GRAV.---SD.--TILTX--TILTY-TEMP---TIDE---DUR-REJ-----TIME----DEC.TIME+DATE--TERRAIN---DATE
 1.0000000   3.0000000   25.9275   3683.466 0.278  -13.6   -2.8 -0.52 -0.088  57   0 133328     43729.56400    0.0000  20191022
 1.0000000   3.0000000   25.9275   3683.463 0.210  -14.4   -3.1 -0.52 -0.088  57   0 133431     43729.56473    0.0000  20191022
 1.0000000   3.0000000   24.9510   3683.467 0.210  -14.3   -3.9 -0.53 -0.088  57   0 133532     43729.56544    0.0000  20191022
Line	   2.000N
------LINE-----STATION-----ALT.------GRAV.---SD.--TILTX--TILTY-TEMP---TIDE---DUR-REJ-----TIME----DEC.TIME+DATE--TERRAIN---DATE
 2.0000000   1.0000000   26.1717   3685.362 0.253   -1.7    5.6 -0.56 -0.089  57   0 134236     43729.57034    0.0000  20191022
 2.0000000   1.0000000   26.1717   3685.364 0.210    0.0    3.9 -0.56 -0.090  57   0 134339     43729.57106    0.0000  20191022
 2.0000000   1.0000000   25.4393   3685.365 0.164   -1.3    5.8 -0.56 -0.090  57   0 134440     43729.57177    0.0000  20191022
Line	   1.000N
------LINE-----STATION-----ALT.------GRAV.---SD.--TILTX--TILTY-TEMP---TIDE---DUR-REJ-----TIME----DEC.TIME+DATE--TERRAIN---DATE
 1.0000000   6.0000000   26.4158   3680.509 0.189  -11.3    5.8 -0.55 -0.090  57   0 135005     43729.57552    0.0000  20191022
 1.0000000   6.0000000   26.4158   3680.510 0.339  -12.5    5.5 -0.55 -0.091  57   0 135108     43729.57625    0.0000  20191022
 1.0000000   6.0000000   25.4393   3680.512 0.252  -13.3    5.9 -0.55 -0.091  57   0 135209     43729.57696    0.0000  20191022
Line	   2.000N
------LINE-----STATION-----ALT.------GRAV.---SD.--TILTX--TILTY-TEMP---TIDE---DUR-REJ-----TIME----DEC.TIME+DATE--TERRAIN---DATE
 2.0000000   3.0000000   26.9041   3683.475 0.264    2.0    3.5 -0.57 -0.091  57   0 135852     43729.58161    0.0000  20191022
 2.0000000   3.0000000   26.6600   3683.475 0.369    2.0    4.3 -0.57 -0.092  57   0 135955     43729.58234    0.0000  20191022
 2.0000000   3.0000000   25.6834   3683.474 0.394    4.5    1.5 -0.57 -0.092  57   0 140056     43729.58305    0.0000  20191022
 2.0000000   6.0000000   26.9041   3680.508 0.196   -3.4    1.8 -0.57 -0.092  57   0 140656     43729.58721    0.0000  20191022
 2.0000000   6.0000000   26.9041   3680.512 0.105   -4.5    1.1 -0.57 -0.092  57   0 140759     43729.58794    0.0000  20191022
 2.0000000   6.0000000   25.9275   3680.510 0.186   -5.0    0.4 -0.57 -0.092  57   0 140900     43729.58864    0.0000  20191022
Line	   1.000N